1 5 6 7 23 24 25 26 27 220 221 222 223 224 225 226 28 29 30 31 32 33 34 35 36 37 38 39 40 41 42 43 44 45 46 47 48 49 50 51 491 492 493 494 495 496 497 498 499 500 52 53 54 55 56 57 58 59 60 61 62 63 64 65 66 78 91 92 93 94 95 96 97 98 99 100 101 102 103 104 105 106 107 108 109110 111 112 113 114 115 116 134 251 252 253 254 255 256 257 258 259 135 136 137 138 139 140 141 142 143 144 145 146 147 148 149 150 151 152 153 154 155 156 157 158 159 160 161 162 163 164 165 8 9 10 11 12 13 14 15 16 17 18 19 20 21 22 166 167 168 169 170 171 172 173 174 175 176 177 178 179 180 181 182 183 184 185 186 187 188 189 190 191 192 193 194 195 196 197 198 199 200 201 202 203 204 205 67 68 69 70 71 72 73 74 75 76 77 206 207 208 209 210 211 212 213 214 215 216 217 218 219 227 228 229 230 2 3 4 231 232 233 234 235 236 237 238 239 240 241 242 243 244 245 246 247 248 249 250 260 261 262 263 264 265 266 267 268 269 270 271 272 273 274 275 276 277 278 279 282 283 284 285 286 287 288 289 290 291 292 293 294 295 296 297 298 299 300 301 302 303 304 305 306 307 308 309 310 311 312 313 314 315 316 317 318 319 320 321 332 333 334 335 336 337 338 339 340 341 342 343 344 345 346 347 348 349 350 351 352 353 354 355 356 280 281 357 358 359 360 361 362 363 364 365 366 367 368 369 370 371 372 373 374 375 376 377 378 379 380 381 382 383 384 385 386 387 388 389 390 391 392 393 394 395 396 397 398 399 400 401 402 403 404 405 406 407 408 409 410 411 322 323 324 325 326 327 328 329 330 331 412 413 414 415 416 417 418 419 420 421 422 423 424 425 426 427 428 429 430 431 432 433 434 435 436 437 438 439 440 441 442 443 444 445 446 117 118 119 120 121 122 123 124 125 126 127 128 129 130 131 132 133 447 448 449 450 451 452 453 454 455 79 80 81 82 83 84 85 86 87 88 89 90 456 457 458 459 460 461 462 463 464 465 466 467 468 469 470 471 472 473 474 475 476 477 478 479 480 481 482 483 484 485 486 487 488 489 490 0";








17 9 93 80 99 2 5 51 84 4 57 48 14 29 55 35 74 21 94 60 68 63 1 92 23 82 12 67 69 98 52 19 83 97 78 39 75 100 25 24 8 7 41 11 86 44 36 72 18 73 16 64 47 90 65 87 77 59 61 45 30 53 54 66 76 28 37 95 70 91 27 6 50 43 81 3 46 13 31 89 88 96 38 62 33 10 15 79 20 42 40 85 26 34 71 49 32 22 58 56 117 109 193 180 199 102 105 151 184 104 157 148 114 129 155 135 174 121 194 160 168 163 101 192 123 182 112 167 169 198 152 119 183 197 178 139 175 200 125 124 108 107 141 111 186 144 136 172 118 173 116 164 147 190 165 187 177 159 161 145 130 153 154 166 176 128 137 195 170 191 127 106 150 143 181 146 113 131 189 188 196 138 162 133 110 115 179 120 142 140 185 126 134 171 149 132 122 158 156 317 309 393 380 399 302 305 351 384 304 357 348 314 329 355 335 374 321 394 360 368 363 301 392 323 382 312 367 369 398 352 319 383 397 378 339 375 400 325 324 308 307 341 311 386 344 336 372 318 373 316 364 347 390 365 387 377 359 361 345 330 353 354 366 376 328 337 395 370 391 327 306 350 343 381 303 346 313 331 389 388 396 338 362 333 310 315 379 320 342 340 385 326 334 371 349 332 322 358 356 417 409 493 480 499 402 405 451 484 404 457 448 414 429 455 435 474 421 494 460 468 463 401 492 423 482 412 467 469 498 452 419 483 497 478 439 475 500 425 424 408 407 441 411 486 444 436 472 418 473 416 464 447 490 465 487 477 459 461 445 430 453 454 466 476 428 437 495 470 491 427 406 450 443 481 403 446 413 431 489 488 496 438 462 433 410 415 479 420 442 440 485 426 434 471 449 432 422 458 456 217 209 293 280 299 202 205 251 284 204 257 248 214 229 255 235 274 221 294 260 268 263 201 292 223 282 212 267 269 298 252 219 283 297 278 239 275 300 225 224 208 207 241 211 286 244 236 272 218 273 216 264 247 290 265 287 277 259 261 245 230 253 254 266 276 228 237 295 270 291 227 206 250 243 281 203 246 213 231 289 288 296 238 262 233 210 215 279 220 242 240 285 226 234 271 249 232 222 258 256


153 498 5 404 487 493 486 420 180 264 337 132 377 471 134 354 474 255 438 312 311 342 448 495  4 453 350 270 426 430 324 122 431 207  63 176 230 458  38 300 325 299 202 368 203 411  18  93 467 225 262  91 305 269 144 381 374  49 151  7 277 367 105  26 235 205 143 358 352 500 248 268 145  87  28 273 469 488 451 217 274 335  3 120 346 123 168 231  1  53 293 439  12  35 412  92 249 124 108 480 491 383 384 163 263 424 213  19 445 287 380 116 459  42 219 221  90 265 128 449 236 341 109  29 446  13 340 468 376 243 237 291 497 476 447  33 294 127 224 292 101 238 443 306  21 189 444 369 195 385 330 302 112 372 110  65 309 223 326  30  77  39  88 125  32 241 272  58 351 441 332 137  17 466 228 261 348 393 475 407 140 473 434 339 138 482 499 465 365 278 239 289 316 392 102 437 187  68 193  55 303 214 113 222 399  94 253  16 328 396 460  79 360  82 338 310 452 388 280 256 464 254  10 409 103  76 308 186 166 175 422 244  84 266 366  95 490 169 353  86 281 147 414 198 435 440  27 334 403  72  85 135 386  64  59  14 136 165 154 479 206 481 146 252  25 106  44 162  36 276 485 126 216 327 271 390 190 296 218 141 288 492  15 454 181 410  71 161 406 251 131 427 282 139 158 201  89 111 428 208 227 314 130 107  60 417 242 456 100 133  47 220 247 155  11 185  75 298  70 391 318  46  22 433 343 250 157 156 415 477 172 160  51  61 436  74 329 304  6 164 179 142  81 378 317  2 401 212 114 260 457 233 398  78 395 246 119 283  96 194  9  24 489  54 442  20 470 167 184 204 245 178 322 408  56 149 394  34 320 192 240 321 258 478 483 177 432 345 290  31  80  50  23  98 357 359 462  41 363 405 226 347 387  99 285 173  43 429 461 333 425 355  69 362 382 159 117 267 200 259 183 336 279 152  8 170 323 188  97 118  73 286 115  48 402 331 275 364 450 121 349 284 356 484 373 400 361 313  62  57 418  66 257 210 232 171 234 315 344  83 472 148 494 197 215 379 397 416 174 182  52 209 389 455 319 370 150  37 297 295 463 199  40  67 104 307 496 191 423 129 375 211 419 301 371 196 421 229 413  45

